5 9 24 24
8 8 1 49
6 29 9 16
11 1 7 70
7 27 2 15
3 27 22 59
0 5 0 39
3 10 4 38
1 7 0 17
7 31 2 44
7 33 0 0
10 1 0 10
5 9 27 51
11 1 9 3
10 1 0 34
8 12 13 21
0 2 3 8
8 9 0 58
4 18 12 45
8 21 0 24
2 1 0 40
4 32 13 54
5 23 44 42
2 15 13 16
11 1 0 0
0 8 0 14
6 23 17 34
9 8 29 13
9 6 2 59
0 4 0 55
4 1 15 28
7 0 0 7
11 1 6 71
5 9 27 51
11 1 9 82
4 23 9 50
6 22 6 7
4 14 0 42
0 6 14 26
11 1 3 6
8 20 0 0
9 26 4 29
3 27 0 57
7 36 33 40
5 2 5 50
9 24 13 25
6 3 12 18
6 1 11 20
8 26 8 55
10 2 0 29
6 31 20 18
11 1 6 16
5 5 19 53
7 10 4 0
10 0 0 18
6 26 10 48
11 1 2 73
4 34 0 6
2 7 29 7
1 1 3 20
4 15 3 52
1 1 0 19
9 3 6 7
2 9 42 44
10 2 1 20
1 3 1 59
3 18 0 14
3 18 0 0
7 1 0 30
5 7 6 16
2 9 46 13
11 0 0 5
11 1 0 0
4 30 11 20
0 2 2 19
5 23 42 23
11 1 2 15
8 21 0 24
1 1 0 14
9 14 12 12
6 11 1 20
8 31 10 53
3 26 4 32
3 13 3 25
2 17 6 6
7 34 21 13
11 1 0 15
1 2 25 62
6 26 19 15
10 2 1 44
11 1 8 17
7 3 5 52
5 1 4 15
7 31 4 63
5 21 3 42
1 3 17 49
3 12 2 12
1 1 0 33
10 2 0 21
0 6 6 21
5 28 27 53
3 11 10 70
2 7 22 31
0 2 3 11
0 8 0 27
6 17 6 37
11 1 7 59
7 9 1 40
2 18 2 15
4 16 2 20
11 1 0 14
8 29 0 57
3 20 19 6
1 1 0 32
10 1 1 0
2 1 0 20
5 12 0 6
3 24 0 62
4 1 0 0
8 13 13 40
7 24 4 71
1 2 4 63
9 25 24 35
6 2 0 46
5 13 0 16
8 20 0 23
2 5 40 3
1 5 13 16
0 6 1 63
9 6 5 48
1 4 10 27
7 14 16 59
4 30 5 31
3 21 7 5
2 18 1 44
2 5 22 35
3 4 6 20
7 31 4 65
0 3 0 6
3 7 14 18
2 12 12 49
2 17 16 27
2 9 0 44
4 13 8 20
6 4 22 71
6 21 0 29
6 22 9 66
1 4 9 19
1 6 4 0
11 1 8 0
8 3 7 30
11 1 0 18
0 2 0 12
6 5 4 45
3 8 1 34
0 6 0 8
1 1 8 21
6 4 22 14
1 2 4 16
7 16 0 31
5 16 0 0
2 7 2 24
2 19 26 44
11 0 0 5
5 21 0 13
9 1 0 10
4 22 4 7
5 7 23 63
2 13 0 4
10 2 0 17
8 3 3 10
2 17 19 41
5 4 0 8
6 1 4 40
9 0 0 8
9 27 13 52
2 7 32 3
0 2 2 13
2 18 27 67
6 31 11 25
2 18 7 10
1 4 8 43
4 2 11 47
0 2 1 28
7 25 6 0
5 21 9 43
10 2 0 44
11 1 0 20
10 2 0 13
6 3 7 53
11 1 0 49
8 9 0 0
11 1 4 36
10 2 0 44
11 1 7 39
0 6 0 11
10 0 0 13
10 0 0 21
1 3 4 16
5 25 8 50
9 23 4 35
7 25 2 30
2 12 1 4
4 9 4 26
4 25 43 0
10 2 0 20
4 22 14 7
2 12 5 40
9 12 4 18
2 19 14 35
3 23 38 6
0 6 0 19
5 1 2 8
1 7 14 44
7 8 13 17
3 3 9 11
5 23 10 20
1 4 25 40
3 11 15 68
2 6 11 34
11 1 0 8
1 5 9 23
1 4 9 16
7 21 10 20
6 28 2 11
0 6 0 11
0 6 0 52
6 12 16 14
7 4 0 28
1 2 17 36
2 16 14 62
7 32 0 61
7 10 6 11
10 2 0 63
8 5 7 48
10 2 0 18
7 15 9 10
1 7 2 10
11 1 0 16
7 13 3 24
5 19 6 3
8 15 1 50
7 7 2 0
2 9 31 37
1 7 6 24
10 2 2 26
1 1 0 47
0 6 0 11
2 14 4 10
0 6 0 19
8 7 10 25
7 16 12 57
10 0 0 27
0 2 0 12
10 2 0 22
4 14 12 68
1 3 0 51
8 5 2 15
8 0 0 17
0 2 0 14
7 30 8 30
11 1 0 6
6 20 9 12
10 2 1 51
4 5 8 19
7 3 22 28
11 1 0 14
8 5 0 11
3 3 4 41
4 21 10 20
11 1 0 16
6 32 21 26
8 30 21 43
2 10 26 17
6 24 14 11
5 21 8 40
8 15 31 8
11 1 9 0
6 4 20 47
6 24 18 27
4 4 31 14
5 9 0 13
9 9 6 30
4 30 11 19
3 9 6 19
3 12 0 5
2 15 14 51
4 5 7 14
5 6 2 63
6 31 20 36
8 12 10 39
0 2 5 0
10 2 0 44
1 7 3 59
3 27 34 15
6 21 15 17
10 2 0 23
2 3 9 15
4 34 14 33
9 2 24 45
8 5 1 56
5 10 8 57
1 4 12 3
6 32 6 15
1 2 19 20
11 1 9 20
2 6 11 44
8 3 1 12
0 7 0 38
6 15 18 32
2 3 1 26
3 23 30 40
4 32 5 3
8 21 0 24
8 12 29 70
10 2 0 21
8 8 16 34
9 21 11 30
1 1 4 66
0 6 4 64
2 4 2 47
0 6 0 9
8 2 1 8
4 23 13 28
11 1 9 61
9 25 19 31
2 6 14 65
2 20 6 19
0 2 0 12
11 0 0 9
7 36 16 56
4 1 0 15
4 6 7 30
7 31 14 65
3 7 16 7
10 2 0 22
0 8 0 27
9 24 8 44
10 2 1 51
0 8 9 0
5 5 8 46
0 2 0 21
6 10 0 11
0 8 0 12
0 5 0 0
10 2 0 23
0 6 11 10
2 20 2 32
6 3 6 27
10 0 0 17
2 5 3 16
10 2 0 17
6 4 1 46
6 13 21 56
8 22 0 16
11 1 0 46
9 21 7 70
8 23 0 20
0 4 0 0
5 28 37 27
3 23 16 9
7 3 7 42
2 1 22 1
8 23 1 55
10 2 1 20
3 16 1 42
4 27 7 4
4 14 2 13
6 16 8 62
4 1 1 29
2 9 38 28
11 1 7 73
2 7 23 14
9 12 10 43
2 20 0 8
9 15 12 31
0 6 10 38
7 28 25 15
5 9 2 21
6 14 9 51
11 0 0 9
5 23 32 69
6 21 1 16
11 1 0 16
5 5 0 14
11 1 0 7
2 15 28 3
2 16 8 20
1 1 2 65
1 2 6 18
10 2 0 23
0 6 8 25
2 14 21 57
8 3 7 41
6 30 21 16
2 1 1 70
9 22 20 51
10 2 0 17
0 6 0 11
11 1 2 0
0 6 0 57
2 17 5 64
6 15 0 70
10 1 0 0
2 17 5 62
11 1 0 14
1 5 15 29
6 1 11 39
6 30 18 55
2 2 10 40
0 8 4 13
11 1 0 69
5 1 0 22
8 30 10 36
6 11 3 25
6 18 8 47
0 6 1 63
0 8 2 0
4 32 5 3
4 6 11 35
4 7 7 39
10 2 0 43
6 5 15 41
8 21 0 56
11 1 0 7
8 10 0 15
6 6 21 57
1 1 2 52
6 1 0 12
0 8 5 39
10 2 1 51
8 10 9 19
0 4 0 36
2 5 20 69
5 14 0 2
11 1 0 18
2 1 4 10
3 12 8 41
10 2 1 39
1 4 7 41
2 17 9 48
11 1 1 57
11 1 6 36
2 8 12 7
11 1 0 0
8 3 3 7
7 9 2 34
11 1 0 16
11 1 3 39
6 20 7 51
9 1 0 8
6 22 15 9
10 2 1 20
4 2 3 9
4 20 0 14
7 33 0 4
4 30 3 46
7 35 0 54
4 10 7 49
11 1 0 0
9 1 0 24
5 9 16 63
9 18 7 31
8 6 0 7
3 21 2 55
11 1 3 0
8 31 12 7
3 23 40 14
8 24 0 55
11 1 0 9
6 17 8 63
5 16 1 23
1 1 0 12
11 1 0 9
1 5 1 19
8 24 11 38
11 1 0 21
1 1 11 16
10 2 0 21
2 10 14 44
11 1 1 6
1 1 0 30
0 8 1 16
0 6 0 16
1 3 0 46
7 11 29 44
10 2 0 17
5 6 0 59
6 18 4 15
1 6 4 48
9 9 21 3
1 2 15 48
8 11 4 20
10 1 0 0
7 12 3 41
10 2 1 36
2 15 10 27
7 26 8 43
0 6 3 16
1 5 0 7
3 23 1 53
1 2 8 32
8 20 0 0
0 6 0 16
6 5 7 16
9 6 14 13
6 2 0 33
0 2 0 12
3 16 0 9
6 1 9 3
2 20 12 29
8 4 2 3
0 8 6 20
11 1 0 0
6 30 19 62
3 1 0 8
7 27 7 7
2 8 12 53
10 2 0 14
2 14 25 59
8 22 0 22
3 7 11 33
7 16 8 50
0 4 0 36
10 2 0 28
9 1 0 0
2 3 2 24
1 7 3 37
4 32 7 30
4 12 11 68
11 1 1 18
0 6 0 18
0 6 1 9
9 20 11 24
6 6 28 64
4 14 10 34
9 9 11 4
5 9 12 43
6 2 9 64
11 1 8 52
3 6 3 39
11 1 2 68
8 20 0 23
1 1 12 42
3 20 32 44
5 2 2 27
5 13 0 0
5 23 43 33
11 1 6 39
1 5 14 39
10 2 2 0
5 9 1 52
6 25 21 62
4 32 7 48
8 20 0 6
3 18 11 11
3 4 8 64
2 3 5 49
5 24 5 4
8 21 0 24
10 2 1 2
3 25 11 41
7 16 10 8
8 23 0 22
9 1 0 10
7 1 7 54
8 14 17 65
2 3 0 29
1 1 0 24
8 31 36 32
5 26 12 19
0 2 1 9
11 1 5 39
6 11 4 2
1 3 6 48
11 1 0 8
0 6 1 63
8 16 12 19
0 6 1 71
0 2 1 31
5 5 19 43
2 7 22 34
8 16 0 0
9 16 9 48
1 4 6 34
1 3 0 46
9 4 20 0
2 11 20 12
8 11 0 26
11 1 0 69
5 8 0 35
7 28 4 38
6 10 8 0
2 3 4 33
7 27 3 54
0 6 0 63
4 10 10 17
7 35 14 33
7 35 2 45
3 1 10 67
6 9 0 7
8 22 0 8
7 6 9 26
4 24 5 28
0 8 6 21
3 1 6 31
3 3 14 34
1 1 0 24
4 26 7 35
11 1 5 26
1 4 23 62
10 2 1 20
4 20 4 60
6 14 1 44
11 0 0 1
5 1 0 11
5 26 10 21
11 1 0 0
0 2 0 13
0 6 0 67
4 15 1 14
2 10 2 47
7 8 13 70
8 17 0 10
4 28 10 55
5 17 3 10
3 23 8 9
3 22 7 19
0 4 1 0
3 5 7 66
0 6 0 20
10 2 2 38
4 4 0 5
9 21 24 4
9 22 0 11
3 1 0 0
2 8 12 50
7 1 0 33
1 6 12 53
5 27 0 56
10 2 2 16
10 2 0 24
11 1 6 70
1 4 5 18
6 26 25 59
0 6 0 14
11 1 7 43
7 27 2 58
7 37 2 22
2 9 22 34
2 16 5 39
11 1 0 46
1 1 0 0
1 1 8 13
10 2 1 41
11 1 0 16
9 2 15 15
5 5 8 52
3 25 3 41
4 27 19 45
10 2 0 0
10 1 0 34
1 5 7 39
5 9 26 20
5 26 9 64
7 34 16 10
7 36 13 56
0 2 1 3
10 0 0 9
9 9 3 11
4 28 8 58
8 31 40 12
4 32 7 31
3 22 9 53
0 6 10 7
0 6 0 17
9 1 1 4
8 18 0 0
6 27 3 46
6 4 18 24
11 1 7 0
5 26 3 3
1 7 14 36
11 1 9 58
3 15 0 26
9 13 32 39
0 8 4 22
4 13 0 5
9 3 18 28
5 10 5 7
7 24 7 20
9 16 11 31
5 10 11 60
1 4 5 31
6 22 0 51
7 3 21 47
5 26 12 24
4 6 12 10
2 7 21 26
0 3 0 10
1 1 0 14
8 10 23 33
1 5 8 25
2 1 1 19
5 16 0 7
5 11 1 31
2 15 14 51
3 22 2 11
6 12 0 4
8 31 29 58
8 10 3 19
2 2 19 11
10 2 2 0
10 2 1 44
5 18 28 6
7 35 6 53
3 1 0 15
11 1 0 21
1 2 25 37
8 10 10 39
9 15 6 59
9 8 28 28
8 23 0 9
2 19 22 15
8 7 8 7
1 1 2 33
11 1 0 9
8 17 0 20
7 18 12 43
7 32 0 61
8 15 37 47
2 17 8 56
3 1 0 33
6 1 11 12
11 1 1 69
11 1 0 49
0 1 0 0
3 25 11 29
7 29 21 47
0 6 8 55
1 1 10 8
6 16 33 49
2 9 33 44
10 1 0 63
